Webots Project File version R2019b
perspectives: 000000ff00000000fd00000002000000000000000000000000fc0100000001fb0000001a0044006f00630075006d0065006e0074006100740069006f006e0000000000ffffffff0000006900ffffff000000010000029c0000029dfc0200000001fc000000160000029d000000a80100001efa000000000100000002fb0000000e0043006f006e0073006f006c00650100000000ffffffff0000006900fffffffb0000001400540065007800740045006400690074006f00720100000372000001a10000007500ffffff000002750000029d00000001000000020000000100000008fc00000000
simulationViewPerspectives: 000000ff000000010000000200000000000003660100000002010000000100
sceneTreePerspectives: 000000ff0000000100000002000000c0000000fc0100000002010000000200
maximizedDockId: -1
centralWidgetVisible: 1
selectionDisabled: 0
viewpointLocked: 0
orthographicViewHeight: 1
textFiles: 2 "../../../../../usr/local/webots/projects/robots/robotis/darwin-op/controllers/op3_motion_player/Op3MotionPlayer.cpp" "../../../../../usr/local/webots/projects/robots/robotis/darwin-op/controllers/op3_motion_player/main.cpp" "examples/commentator_skeleton_py/commentator_skeleton.py"
renderingDevicePerspectives: referee:cam_b;1;0.26875;0.588517;0.0163934
renderingDevicePerspectives: referee:cam_a;1;0.0666667;0;0
